50
0 0 40 50
40 10 1000
24 9 1000
15 28 1000
13 39 1000
1 1 1000
18 35 1000
10 15 1000
29 49 1000
1 30 1000
6 4 1000
10 12 1000
10 9 1000
32 35 1000
6 31 1000
28 48 1000
14 43 1000
22 25 1000
33 25 1000
22 19 1000
20 37 1000
35 0 1000
23 20 1000
0 27 1000
39 32 1000
33 32 1000
2 20 1000
18 27 1000
7 0 1000
10 30 1000
3 18 1000
31 36 1000
28 9 1000
4 35 1000
17 40 1000
18 1 1000
34 21 1000
39 24 1000
7 14 1000
15 3 1000
27 13 1000
37 2 1000
18 38 1000
2 40 1000
29 33 1000
29 7 1000
10 21 1000
7 36 1000
5 11 1000
37 6 1000
26 24 1000

